Resumen de métricas YOLOv8 - Evaluación best.pt
Modelo: resultado_metrica_best_yolov8_L_FineTunning
Split : test
imgsz : 1024
conf  : 0.25
iou   : 0.5

metrics/precision(B): 0.809811

metrics/precision(B): 0.8098109695232849
metrics/recall(B): 0.6584847734715253
metrics/mAP50(B): 0.7664419494950719
metrics/mAP50-95(B): 0.5532567878254403
fitness: 0.5532567878254403
