Resumen de métricas YOLOv8 - Evaluación best.pt
Modelo: resultado_metrica_best_yolov8_M
Split : test
imgsz : 1024
conf  : 0.25
iou   : 0.5

metrics/precision(B): 0.778742

metrics/precision(B): 0.7787415134694473
metrics/recall(B): 0.7314898029726927
metrics/mAP50(B): 0.7948962813457084
metrics/mAP50-95(B): 0.514627257661354
fitness: 0.514627257661354
