Resumen de métricas YOLOv8 - Evaluación best.pt
Modelo: resultado_metrica_best_yolov8_L_SGD_LR
Split : test
imgsz : 1024
conf  : 0.25
iou   : 0.5

metrics/precision(B): 0.765240

metrics/precision(B): 0.765240355469894
metrics/recall(B): 0.6733433525262162
metrics/mAP50(B): 0.7503784447611331
metrics/mAP50-95(B): 0.49650865660998234
fitness: 0.49650865660998234
